FR1,0,1,0
FR2,0,0,1
FR3,0,1,0
FR4,0,1,0
FR5,0,1,0
FR6,0,1,0
FR7,1,0,0
FR8,0,1,0
FR9,0,1,0
FR10,0,1,0
FR11,1,0,0
FR12,0,1,0
FR13,1,0,0
FR14,1,0,0
FR15,0,1,0
FR16,1,0,0
FR17,0,1,0
FR18,0,1,0
FR19,1,0,0
FR20,0,0,1
FR21,1,0,0
FR22,0,0,0
FR23,0,1,0
FR24,0,0,1
FR25,0,1,0
FR26,0,0,0
FR27,0,0,1
FR28,0,0,0
FR29,0,1,0
FR30,0,1,0
FR31,0,0,0
FR32,0,1,0
FR33,0,1,0
FR34,0,0,0
FR35,0,1,0
FR36,1,0,0
FR37,1,0,0
FR38,0,0,1
FR39,0,1,0
FR40,0,0,0
FR41,0,0,0
FR42,0,1,0
FR43,1,0,0
FR44,1,0,0
FR45,1,0,0
FR46,1,0,0
FR47,1,0,0
FR48,0,0,0
FR49,0,1,0
FR50,0,0,0
FR51,0,0,1
FR52,1,0,0
FR53,0,0,0
FR54,0,0,0
FR55,1,0,0
FR56,0,0,1
FR57,0,1,0
FR58,0,1,0
FR59,0,1,0
FR60,0,0,0
FR61,0,1,0
FR62,1,0,0
FR63,0,1,0
FR64,0,1,0
FR65,1,0,0
FR66,0,1,0
FR67,0,0,0
FR68,0,1,0
FR69,0,1,0
FR70,0,1,0
FR71,0,1,0
FR72,0,1,0
FR73,0,1,0
FR74,0,1,0
FR75,0,0,1
FR76,0,1,0
FR77,0,1,0
FR78,0,1,0
FR79,0,1,0
FR80,0,1,0
